background1.jpg
18.000000
0
3333333333333333333333333333333333333333
3333333333333333333333333333333333333333
3333333333333333333333333333333333333333
3333333333333333333333333333333333333333
3333333393333333333333333333333333333333
3333333311111333333333333333333333333333
3333333333333333331111133333333333333333
3333333333333333333333333333333333333333
3333333333333333333333333333111133333333
3333333333333333333333333333333333333333
3333333333333333333333333333333333333333
3333333333333333333333333333333333333333
3333333111113333333333333333333333333333
3333333333333333333333333333333333333333
3333333333333333333333333333333333333333
3333333333333333333333333333333333333333
3333333333333333333333333333333333333333
3333333333333333333333333333333333333333
3333333333333333333333333311111113333333
3333333333333333333333333333333333333333
3333333333333333333333333333333333333333
3333333333333333333333333333333333333333
3333533333333333333333333333333333333333
3311111133333333333333333377777333333333
3333333333333333333333333333333333333333
3333333333333333333333333333333333333333
3333333333333333333333333333333333333333
3333333333333333333333333333333333333333
2222222222222222222222222222222222222222
0000000000000000000000000000000000000000
8
99
423
1
400
303
-1
3
10
0
2
418
459
1.700000
430
360
3
140
220
1
3
160
220
1
3
180
220
1
3
200
220
1
3
220
220
1
