background2.jpg
0
0
1234567880123456788012346578801234567880
1234567880123456788012346578801234567880
1234567880123456788012346578801234567880
1234567880123456788012346578801234567880
1234567880123456788012346578801234567880
1234567880123456788012346578801234567880
1234567880123456788012346578801234567880
1234567880123456788012346578801234567880
1234567880123456788012346578801234567880
1234567880123456788012346578801234567880
1234567880123456788012346578801234567880
1234567880123456788012346578801234567880
1234567880123456788012346578801234567880
1234567880123456788012346578801234567880
1234567880123456788012346578801234567880
1234567880123456788012346578801234567880
1234567880123456788012346578801234567880
1234567880123456788012346578801234567880
1234567880123456788012346578801234567880
1234567880123456788012346578801234567880
1234567880123456788012346578801234567880
1234567880123456788012346578801234567880
1234567880123456788012346578801234567880
1234567880123456788012346578801234567880
1234567880123456788012346578801234567880
1234567880123456788012346578801234567880
1234567880123456788012346578801234567880
1234567880123456788012346578801234567890
2222222222222222222222222222222222222222
2222222222222222222222222222222222222222
1
100
70